(1000, 779, 2040)
(1000, 779, 2080)
(1000, 779, 2120)
(1000, 779, 2160)
(1000, 779, 2200)
(1000, 779, 2240)
(1000, 779, 2280)
(1000, 779, 2320)
(1000, 779, 2360)
(1000, 779, 2400)
(1000, 779, 2440)
(1000, 779, 2480)
(1000, 779, 2520)
(1000, 779, 2560)
(1000, 779, 2600)
(1000, 779, 2640)
(1000, 779, 2680)
(1000, 779, 2720)
(1000, 779, 2760)
(1000, 779, 2800)
(1000, 779, 2840)
(1000, 779, 2880)
(1000, 779, 2920)
(1000, 779, 2960)
(1000, 779, 3000)
(1000, 779, 3040)
(1000, 779, 3080)
(1000, 779, 3120)
(1000, 779, 3160)
(1000, 779, 3200)
(1000, 779, 3240)
(1000, 779, 3280)
(1000, 779, 3320)
(1000, 779, 3360)
(1000, 779, 3400)
(1000, 779, 3440)
(1000, 779, 3480)
(1000, 779, 3520)
(1000, 779, 3560)
(1000, 779, 3600)
(1000, 779, 3640)
(1000, 779, 3680)
(1000, 779, 3720)
(1000, 779, 3760)
(1000, 779, 3800)
(1000, 779, 3840)
(1000, 779, 3880)
(1000, 779, 3920)
(1000, 779, 3960)
(1000, 779, 4000)
(1000, 779, 4040)
(1000, 779, 4080)
(1000, 779, 4120)
(1000, 779, 4160)
(1000, 779, 4200)
(1000, 779, 4240)
(1000, 779, 4280)
(1000, 779, 4320)
(1000, 779, 4360)
(1000, 779, 4400)
(1000, 779, 4440)
(1000, 779, 4480)
(1000, 779, 4520)
(1000, 779, 4560)
(1000, 779, 4600)
(1000, 779, 4640)
(1000, 779, 4680)
(1000, 779, 4720)
(1000, 779, 4760)
(1000, 779, 4800)
(1000, 779, 4840)
(1000, 779, 4880)
(1000, 779, 4920)
(1000, 779, 4960)
(1000, 779, 5000)
(1000, 779, 5040)
(1000, 779, 5080)
(1000, 779, 5120)
(1000, 779, 5160)
(1000, 779, 5200)
(1000, 779, 5240)
(1000, 779, 5280)
(1000, 779, 5320)
(1000, 779, 5360)
(1000, 779, 5400)
(1000, 779, 5440)
(1000, 779, 5480)
(1000, 779, 5520)
(1000, 779, 5560)
(1000, 779, 5600)
(1000, 779, 5640)
(1000, 779, 5680)
(1000, 779, 5720)
(1000, 779, 5760)
(1000, 779, 5800)
(1000, 779, 5840)
(1000, 779, 5880)
(1000, 779, 5920)
(1000, 779, 5960)
(1000, 779, 6000)
(1000, 779, 6040)
(1000, 779, 6080)
(1000, 779, 6120)
(1000, 779, 6160)
(1000, 779, 6200)
(1000, 779, 6240)
(1000, 779, 6280)
(1000, 779, 6320)
(1000, 779, 6360)
(1000, 779, 6400)
(1000, 779, 6440)
(1000, 779, 6480)
(1000, 779, 6520)
(1000, 779, 6560)
(1000, 779, 6600)
(1000, 779, 6640)
(1000, 779, 6680)
(1000, 779, 6720)
(1000, 779, 6760)
(1000, 779, 6800)
(1000, 779, 6840)
(1000, 779, 6880)
(1000, 779, 6920)
(1000, 779, 6960)
(1000, 779, 7000)
(1000, 779, 7040)
(1000, 779, 7080)
(1000, 779, 7120)
(1000, 779, 7160)
(1000, 779, 7200)
(1000, 779, 7240)
(1000, 779, 7280)
(1000, 779, 7320)
(1000, 779, 7360)
(1000, 779, 7400)
(1000, 779, 7440)
(1000, 779, 7480)
(1000, 779, 7520)
(1000, 779, 7560)
(1000, 779, 7600)
(1000, 779, 7640)
(1000, 779, 7680)
(1000, 779, 7720)
(1000, 779, 7760)
(1000, 779, 7800)
(1000, 779, 7840)
(1000, 779, 7880)
(1000, 779, 7920)
(1000, 779, 7960)
(1000, 779, 8000)
(1000, 779, 8040)
(1000, 779, 8080)
(1000, 779, 8120)
(1000, 779, 8160)
(1000, 779, 8200)
(1000, 779, 8240)
(1000, 779, 8280)
(1000, 779, 8320)
(1000, 779, 8360)
(1000, 779, 8400)
(1000, 779, 8440)
(1000, 779, 8480)
(1000, 779, 8520)
(1000, 779, 8560)
(1000, 779, 8600)
(1000, 779, 8640)
(1000, 779, 8680)
(1000, 779, 8720)
(1000, 779, 8760)
(1000, 779, 8800)
(1000, 779, 8840)
(1000, 779, 8880)
(1000, 779, 8920)
(1000, 779, 8960)
(1000, 779, 9000)
(1000, 779, 9040)
(1000, 779, 9080)
(1000, 779, 9120)
(1000, 779, 9160)
(1000, 779, 9200)
(1000, 779, 9240)
(1000, 779, 9280)
(1000, 779, 9320)
(1000, 779, 9360)
(1000, 779, 9400)
(1000, 779, 9440)
(1000, 779, 9480)
(1000, 779, 9520)
(1000, 779, 9560)
(1000, 779, 9600)
(1000, 779, 9640)
(1000, 779, 9680)
(1000, 779, 9720)
(1000, 779, 9760)
(1000, 779, 9800)
(1000, 779, 9840)
(1000, 779, 9880)
(1000, 779, 9920)
(1000, 779, 9960)
(1000, 779, 10000)
(1000, 779, 10040)
(1000, 779, 10080)
(1000, 779, 10120)
(1000, 779, 10160)
(1000, 779, 10200)
(1000, 779, 10240)
(1000, 779, 10280)
(1000, 779, 10320)
(1000, 779, 10360)
(1000, 779, 10400)
(1000, 779, 10440)
(1000, 779, 10480)
(1000, 779, 10520)
(1000, 779, 10560)
(1000, 779, 10600)
(1000, 779, 10640)
(1000, 779, 10680)
(1000, 779, 10720)
(1000, 779, 10760)
(1000, 779, 10800)
(1000, 779, 10840)
(1000, 779, 10880)
(1000, 779, 10920)
(1000, 779, 10960)
(969, 780, 10656)
(979, 784, 9608)
(1012, 786, 8906)
(963, 785, 8540)
(989, 785, 8208)
(947, 784, 8236)
(1196, 783, 8103)
(1054, 781, 8249)
(1006, 779, 8692)
(1027, 778, 8936)
(1043, 777, 9182)
(982, 776, 9612)
(1034, 777, 9495)
(1024, 777, 9504)
(973, 777, 9680)
(1046, 779, 9312)
(977, 778, 9455)
(1029, 780, 9054)
(965, 779, 9293)
(939, 778, 9352)
(966, 780, 9035)
(936, 779, 9100)
(961, 779, 9136)
(934, 779, 9115)
(981, 778, 9227)
(987, 779, 9181)
(949, 779, 9109)
(918, 779, 9157)
(928, 779, 9087)
(921, 779, 9020)
(915, 779, 9140)
(926, 779, 9071)
(911, 779, 9119)
(959, 779, 9120)
(928, 779, 9111)
(943, 779, 9045)
(975, 779, 9098)
(969, 779, 9017)
(990, 779, 9065)
(910, 779, 8876)
(981, 779, 8918)
(996, 779, 9012)
(996, 779, 8928)
(972, 779, 8915)
(940, 779, 8972)
(992, 778, 9029)
(957, 778, 9087)
(972, 778, 9176)
(1036, 779, 8850)
(1031, 779, 8887)
(1024, 780, 8739)
(1005, 778, 9028)
(1024, 778, 9194)
(1033, 779, 9002)
(961, 778, 9132)
(991, 778, 9176)
(967, 778, 9123)
(1027, 780, 8810)
(928, 779, 8961)
(1009, 780, 8740)
(951, 779, 8947)
(1031, 779, 8872)
(963, 779, 8932)
(956, 778, 9004)
(943, 778, 9089)
(912, 778, 9063)
(946, 778, 9081)
(945, 779, 9029)
(961, 779, 9037)
(978, 779, 8915)
(938, 779, 8968)
(924, 781, 8588)
(893, 779, 8883)
(920, 779, 8940)
(930, 778, 9062)
(957, 779, 9008)
(1016, 779, 8880)
(1005, 778, 9043)
(973, 779, 8836)
(949, 779, 8935)
(989, 779, 8871)
(993, 779, 8920)
(979, 779, 8904)
(1019, 780, 8578)
(994, 778, 8920)
(1006, 779, 8790)
(994, 779, 8745)
(955, 778, 8976)
(985, 778, 9000)
(946, 778, 8959)
(983, 778, 8993)
(988, 778, 9000)
(1000, 779, 8734)
(939, 778, 8971)
(948, 779, 8880)
(997, 779, 8875)
(967, 778, 8945)
(923, 778, 9027)
(982, 778, 8993)
(970, 778, 9055)
(965, 779, 8944)
(989, 779, 8936)
(952, 779, 8868)
(956, 779, 8869)
(957, 778, 9004)
(1001, 779, 8938)
(956, 779, 8729)
(975, 778, 8956)
(983, 779, 8821)
(989, 779, 8789)
(983, 779, 8717)
(919, 779, 8761)
(977, 778, 8877)
(955, 779, 8832)
(951, 779, 8668)
(926, 778, 8983)
(974, 778, 8932)
(969, 778, 8932)
(969, 779, 8880)
(978, 778, 9010)
(975, 779, 8897)
(921, 779, 8907)
(975, 778, 8968)
(1020, 779, 8711)
(977, 778, 8919)
(979, 779, 8672)
(1024, 780, 8590)
(972, 779, 8828)
(972, 778, 8897)
(978, 778, 8892)
(983, 778, 8902)
(919, 779, 8848)
(956, 778, 9042)
(941, 778, 8936)
(955, 779, 8888)
(955, 779, 8895)
(1020, 779, 8701)
(979, 779, 8847)
(975, 779, 8841)
(995, 778, 8874)
(1023, 780, 8526)
(1019, 778, 8918)
(968, 778, 8880)
(1030, 779, 8736)
(1020, 779, 8744)
(994, 778, 9017)
(1000, 778, 8906)
(1002, 779, 8709)
(1019, 779, 8687)
(941, 778, 8874)
(936, 779, 8832)
(971, 779, 8860)
(978, 778, 8936)
(969, 778, 8999)
(964, 779, 8870)
(1027, 780, 8606)
(991, 779, 8823)
(977, 779, 8804)
(983, 778, 8856)
(974, 779, 8786)
(1001, 778, 8854)
(1016, 778, 8916)
(998, 778, 8905)
(978, 778, 8872)
(995, 778, 8960)
(993, 779, 8836)
(1010, 779, 8676)
(981, 778, 8993)
(1009, 779, 8681)
(975, 778, 8864)
(991, 779, 8733)
(1001, 778, 8920)
(922, 778, 8872)
(995, 779, 8644)
(973, 779, 8807)
(988, 779, 8758)
(978, 778, 8875)
(1027, 780, 8555)
(957, 779, 8652)
(1013, 779, 8657)
(972, 779, 8688)
(911, 778, 8888)
(990, 778, 8914)
(934, 778, 8875)
(979, 779, 8828)
(940, 779, 8846)
(958, 778, 8988)
(979, 778, 8932)
(960, 779, 8794)
(964, 779, 8772)
(1007, 780, 8422)
(965, 779, 8672)
(1013, 778, 8744)
(1074, 780, 8413)
(978, 778, 8752)
(1046, 779, 8484)
(1016, 778, 8715)
(1012, 778, 8816)
(971, 777, 9008)
(1014, 778, 8790)
(996, 778, 8854)
(1017, 778, 8927)
(1015, 779, 8708)
(1029, 779, 8764)
(990, 778, 8962)
(1012, 779, 8807)
(1029, 779, 8676)
(981, 778, 8944)
(1036, 780, 8576)
(952, 778, 8855)
(973, 779, 8729)
(955, 778, 8925)
(1031, 779, 8680)
(966, 779, 8796)
(997, 778, 8856)
(931, 778, 8873)
(915, 778, 8957)
(990, 779, 8754)
(986, 779, 8726)
(984, 779, 8712)
(901, 779, 8757)
(985, 779, 8765)
(985, 779, 8758)
(948, 778, 8828)
(972, 779, 8767)
(997, 779, 8769)
(1010, 780, 8432)
(1063, 779, 8489)
(1028, 779, 8572)
(1063, 779, 8621)
(1055, 779, 8631)
(1094, 778, 8703)
(1088, 778, 8726)
(1086, 778, 8820)
(1119, 778, 8795)
(1097, 778, 8879)
(1071, 778, 8827)
(1050, 778, 8892)
(1040, 778, 8892)
(1062, 778, 8844)
(1124, 779, 8777)
(1047, 779, 8776)
(1070, 778, 8821)
(1050, 778, 8816)
(1045, 779, 8749)
(1007, 779, 8760)
(1016, 778, 8818)
(1009, 779, 8752)
(931, 778, 8979)
(1005, 778, 8872)
(965, 778, 8929)
(1006, 779, 8692)
(979, 779, 8747)
(961, 778, 8863)
(967, 779, 8695)
(989, 779, 8678)
(1036, 780, 8416)
(965, 778, 8768)
(965, 778, 8843)
(1010, 779, 8680)
(982, 778, 8820)
(906, 779, 8700)
(910, 781, 8313)
(955, 778, 8846)
(940, 779, 8730)
(899, 780, 8442)
(930, 778, 8825)
(959, 779, 8783)
(940, 779, 8664)
(894, 779, 8771)
(898, 779, 8776)
(946, 779, 8792)
(933, 779, 8727)
(892, 779, 8769)
(919, 779, 8776)
(970, 779, 8726)
(981, 779, 8720)
(978, 779, 8708)
(939, 778, 8881)
(941, 778, 8884)
(949, 779, 8670)
(899, 779, 8725)
(912, 778, 8802)
(916, 778, 8936)
(957, 778, 8905)
(946, 779, 8735)
(955, 779, 8733)
(1016, 779, 8714)
(1016, 780, 8506)
(934, 779, 8664)
(979, 779, 8644)
(992, 778, 8754)
(944, 778, 8767)
(924, 778, 8826)
(939, 778, 8768)
(938, 778, 8786)
(961, 778, 8806)
(920, 778, 8832)
(918, 778, 8853)
(942, 778, 8937)
(943, 779, 8815)
(988, 779, 8692)
(900, 779, 8729)
(894, 779, 8655)
(969, 778, 8822)
(993, 779, 8668)
(982, 779, 8691)
(939, 778, 8743)
(1013, 779, 8562)
(970, 779, 8610)
(946, 778, 8746)
(964, 779, 8680)
(919, 777, 9008)
(989, 778, 8866)
(952, 778, 8897)
(903, 779, 8716)
(906, 779, 8772)
(952, 779, 8769)
(934, 779, 8764)
(924, 779, 8758)
(908, 779, 8691)
(914, 779, 8764)
(949, 778, 8839)
(916, 779, 8654)
(945, 779, 8774)
(888, 778, 8840)
(934, 778, 8906)
(906, 778, 8849)
(884, 779, 8789)
(909, 779, 8782)
(899, 779, 8714)
(908, 779, 8700)
(941, 779, 8750)
(993, 778, 8804)
(927, 779, 8721)
(944, 779, 8646)
(948, 778, 8743)
(967, 779, 8684)
(941, 778, 8742)
(896, 778, 8886)
(923, 778, 8790)
(942, 778, 8866)
(991, 778, 8825)
(959, 778, 8885)
(922, 778, 8824)
(979, 779, 8764)
(935, 779, 8754)
(953, 779, 8688)
(987, 779, 8760)
(942, 779, 8711)
(963, 778, 8772)
(906, 778, 8784)
(924, 779, 8733)
(924, 778, 8795)
(967, 779, 8680)
(955, 779, 8747)
(992, 778, 8805)
(993, 779, 8616)
(938, 779, 8724)
(963, 779, 8662)
(955, 778, 8848)
(906, 779, 8736)
(936, 779, 8750)
(898, 778, 8816)
(941, 779, 8697)
(899, 779, 8756)
(892, 778, 8814)
(927, 779, 8754)
(945, 778, 8814)
(926, 778, 8872)
(973, 779, 8756)
(868, 779, 8752)
(964, 778, 8809)
(952, 779, 8745)
(972, 779, 8680)
(931, 779, 8645)
(991, 778, 8764)
(952, 779, 8643)
(949, 778, 8838)
(949, 778, 8788)
(884, 778, 8803)
(941, 779, 8752)
(1019, 780, 8338)
(1014, 780, 8422)
(972, 778, 8698)
(927, 779, 8644)
(952, 778, 8914)
(964, 778, 8841)
(971, 778, 8810)
(969, 779, 8766)
(949, 779, 8715)
(977, 778, 8836)
(951, 779, 8649)
(935, 779, 8696)
(955, 778, 8814)
(968, 779, 8688)
(947, 779, 8680)
(946, 779, 8666)
(964, 779, 8651)
(914, 778, 8772)
(938, 779, 8722)
(891, 779, 8675)
(922, 778, 8812)
(900, 778, 8816)
(893, 779, 8700)
(880, 778, 8832)
(888, 778, 8838)
(893, 779, 8790)
(918, 778, 8860)
(926, 778, 8923)
(911, 779, 8804)
(949, 779, 8672)
(918, 779, 8780)
(979, 779, 8702)
(981, 779, 8680)
(982, 779, 8657)
(971, 779, 8632)
(990, 779, 8613)
(1010, 779, 8556)
(949, 779, 8609)
(960, 779, 8618)
(978, 778, 8688)
(960, 778, 8752)
(933, 778, 8907)
(970, 778, 8816)
(953, 778, 8781)
(947, 778, 8787)
(945, 778, 8791)
(974, 779, 8737)
(873, 778, 8806)
(915, 779, 8680)
(903, 779, 8736)
(941, 779, 8667)
(893, 779, 8663)
(888, 778, 8775)
(901, 779, 8653)
(924, 778, 8776)
(910, 778, 8786)
(921, 779, 8678)
(921, 779, 8758)
(933, 779, 8764)
(942, 778, 8831)
(964, 779, 8767)
(971, 779, 8560)
(959, 779, 8713)
(949, 779, 8620)
(924, 779, 8608)
(903, 778, 8738)
(961, 779, 8619)
(910, 779, 8684)
(955, 778, 8888)
(970, 778, 8842)
(944, 778, 8795)
(974, 779, 8686)
(928, 779, 8668)
(915, 779, 8594)
(911, 779, 8712)
(935, 778, 8790)
(923, 778, 8873)
(893, 779, 8772)
(945, 779, 8782)
(927, 779, 8647)
(973, 779, 8699)
(931, 779, 8746)
(890, 779, 8738)
(944, 779, 8729)
(890, 778, 8916)
(884, 778, 8879)
(930, 779, 8776)
(902, 778, 8858)
(911, 779, 8804)
(956, 779, 8792)
(943, 779, 8716)
(949, 779, 8567)
(968, 779, 8658)
(949, 779, 8574)
(961, 779, 8552)
(949, 778, 8715)
(953, 778, 8716)
(935, 779, 8669)
(927, 779, 8622)
(964, 778, 8764)
(994, 779, 8707)
(974, 779, 8642)
(930, 779, 8633)
(944, 778, 8756)
(921, 779, 8706)
(936, 778, 8777)
(899, 778, 8851)
(943, 778, 8796)
(955, 778, 8798)
(931, 779, 8731)
(1019, 780, 8404)
(957, 779, 8622)
(903, 778, 8734)
(949, 778, 8750)
(946, 778, 8759)
(930, 779, 8490)
(945, 779, 8664)
(860, 778, 8811)
(963, 778, 8776)
(906, 779, 8721)
(972, 779, 8727)
(946, 779, 8729)
(931, 779, 8723)
(924, 778, 8783)
(970, 778, 8775)
(931, 779, 8720)
(935, 779, 8724)
(890, 779, 8664)
(883, 779, 8660)
(910, 778, 8774)
(940, 778, 8831)
(982, 779, 8629)
(906, 778, 8738)
(958, 778, 8804)
(951, 778, 8833)
(986, 779, 8731)
(1021, 779, 8556)
(940, 778, 8752)
(979, 779, 8624)
(1000, 780, 8384)
(975, 779, 8613)
(1019, 779, 8591)
(933, 779, 8540)
(964, 778, 8756)
(928, 778, 8788)
(953, 778, 8940)
(959, 778, 8907)
(970, 778, 8874)
(944, 779, 8775)
(934, 779, 8767)
(998, 779, 8631)
(943, 779, 8609)
(959, 779, 8584)
(930, 779, 8620)
(960, 779, 8680)
(920, 779, 8684)
(938, 779, 8682)
(960, 778, 8744)
(945, 778, 8752)
(949, 779, 8688)
(952, 779, 8692)
(934, 779, 8632)
(919, 779, 8572)
(987, 779, 8688)
(949, 779, 8678)
(952, 779, 8668)
(974, 778, 8731)
(977, 778, 8732)
(940, 778, 8732)
(964, 779, 8684)
(949, 779, 8694)
(971, 779, 8707)
(960, 778, 8776)
(923, 779, 8715)
(927, 779, 8587)
(952, 778, 8757)
(876, 779, 8693)
(924, 779, 8563)
(904, 778, 8823)
(977, 778, 8776)
(983, 778, 8784)
(918, 778, 8777)
(969, 779, 8579)
(975, 779, 8613)
(992, 780, 8329)
(990, 779, 8539)
(949, 778, 8659)
(989, 779, 8602)
(968, 778, 8676)
(961, 779, 8632)
(883, 778, 8701)
(924, 778, 8780)
(927, 778, 8806)
(914, 778, 8770)
(951, 779, 8707)
(961, 778, 8774)
(939, 779, 8655)
(907, 779, 8712)
(906, 779, 8644)
(924, 779, 8688)
(919, 779, 8684)
(938, 778, 8751)
(910, 779, 8639)
(951, 779, 8640)
(955, 779, 8620)
(975, 779, 8666)
(967, 780, 8406)
(977, 779, 8496)
(918, 779, 8601)
(941, 778, 8675)
(983, 778, 8685)
(961, 779, 8636)
(974, 779, 8656)
(957, 778, 8731)
(975, 779, 8676)
(899, 779, 8685)
(974, 779, 8572)
(934, 779, 8690)
(944, 778, 8752)
(943, 778, 8764)
(914, 779, 8704)
(946, 778, 8832)
(888, 778, 8780)
(932, 779, 8726)
(936, 778, 8786)
(931, 779, 8725)
(931, 779, 8658)
(971, 779, 8644)
(901, 778, 8756)
(946, 779, 8505)
(924, 778, 8733)
(969, 779, 8556)
(936, 779, 8687)
(958, 779, 8689)
(924, 779, 8562)
(987, 779, 8684)
(936, 779, 8691)
(985, 779, 8694)
(934, 779, 8695)
(992, 779, 8567)
(1036, 780, 8278)
(967, 779, 8484)
(941, 779, 8580)
(978, 779, 8391)
(979, 778, 8645)
(945, 778, 8727)
(1027, 779, 8568)
(916, 779, 8640)
(938, 778, 8840)
(958, 779, 8672)
(959, 779, 8542)
(1007, 779, 8595)
(921, 779, 8532)
(896, 779, 8651)
(973, 778, 8713)
(911, 779, 8654)
(918, 778, 8723)
(943, 778, 8731)
(928, 779, 8622)
(931, 779, 8692)
(982, 779, 8618)
(945, 779, 8554)
(955, 779, 8672)
(916, 779, 8664)
(956, 779, 8665)
(957, 779, 8668)
(942, 778, 8735)
(984, 779, 8612)
(930, 779, 8600)
(934, 779, 8651)
(972, 779, 8649)
(931, 779, 8525)
(936, 778, 8715)
(919, 779, 8664)
(899, 778, 8807)
(914, 778, 8767)
(870, 778, 8785)
(904, 779, 8741)
(874, 778, 8807)
(892, 779, 8616)
(916, 779, 8658)
(952, 779, 8713)
(928, 779, 8640)
(919, 779, 8554)
(952, 779, 8531)
(940, 779, 8630)
(939, 779, 8560)
(890, 778, 8666)
(959, 779, 8535)
(951, 778, 8656)
(951, 779, 8607)
(977, 778, 8687)
(952, 778, 8688)
(946, 779, 8584)
(914, 778, 8728)
(910, 778, 8807)
(923, 779, 8699)
(952, 778, 8774)
(940, 778, 8776)
(939, 779, 8594)
(961, 779, 8643)
(943, 779, 8637)
(966, 779, 8620)
(931, 779, 8660)
(964, 779, 8582)
(974, 779, 8573)
(974, 779, 8624)
(1007, 780, 8376)
(979, 779, 8597)
(1015, 780, 8353)
(970, 779, 8580)
(978, 779, 8523)
(919, 779, 8568)
(942, 778, 8704)
(974, 778, 8726)
(947, 778, 8694)
(977, 778, 8706)
(931, 778, 8720)
(930, 779, 8595)
(908, 779, 8597)
(963, 779, 8658)
(910, 779, 8657)
(892, 778, 8724)
(906, 779, 8612)
(919, 778, 8740)
(944, 782, 8008)
(989, 779, 8590)
(953, 778, 8712)
(956, 779, 8652)
(958, 778, 8832)
(904, 779, 8657)
(914, 779, 8603)
(946, 778, 8727)
(904, 779, 8667)
(985, 779, 8599)
(944, 779, 8647)
(963, 778, 8705)
(891, 779, 8642)
(995, 779, 8461)
(1030, 780, 8364)
(1016, 779, 8523)
(972, 778, 8620)
(936, 778, 8632)
(1027, 779, 8385)
(942, 778, 8676)
(949, 778, 8698)
(986, 778, 8776)
(969, 778, 8655)
(952, 778, 8739)
(949, 778, 8776)
(975, 778, 8737)
(979, 779, 8670)
(1023, 780, 8343)
(1019, 779, 8397)
(979, 778, 8664)
(981, 779, 8569)
(1086, 779, 8415)
(1011, 779, 8548)
(1010, 779, 8457)
(1031, 779, 8440)
(1044, 779, 8437)
(1047, 778, 8632)
(1023, 778, 8622)
(1043, 779, 8580)
(1048, 779, 8587)
(1035, 779, 8588)
(1024, 779, 8545)
(1060, 780, 8344)
(1074, 779, 8575)
(1085, 779, 8564)
(1033, 778, 8689)
(1102, 778, 8647)
(1047, 778, 8663)
(987, 778, 8704)
(1005, 777, 8944)
(1014, 778, 8893)
(1019, 779, 8668)
(996, 778, 8774)
(1001, 778, 8709)
(960, 778, 8794)
(1025, 779, 8516)
(1014, 780, 8444)
(984, 779, 8531)
(985, 779, 8568)
(977, 778, 8681)
(970, 779, 8548)
(938, 778, 8667)
(942, 779, 8616)
(991, 779, 8621)
(964, 779, 8551)
(916, 779, 8538)
(989, 778, 8661)
(1038, 780, 8329)
(998, 779, 8432)
(986, 779, 8532)
(1019, 780, 8262)
(1005, 778, 8527)
(1019, 779, 8475)
(989, 778, 8528)
(990, 778, 8562)
(983, 777, 8848)
(956, 778, 8700)
(949, 778, 8666)
(979, 778, 8753)
(1063, 780, 8356)
(989, 779, 8499)
(949, 782, 7725)
(1005, 779, 8412)
(968, 778, 8560)
(943, 778, 8662)
(1001, 778, 8722)
(1010, 779, 8585)
(981, 778, 8656)
(944, 778, 8727)
(984, 779, 8540)
(993, 779, 8599)
(979, 778, 8668)
(946, 779, 8608)
(1005, 779, 8476)
(977, 778, 8756)
(958, 779, 8555)
(977, 779, 8568)
(969, 778, 8630)
(988, 779, 8553)
(958, 779, 8559)
(986, 778, 8620)
(982, 779, 8573)
(982, 778, 8651)
(969, 778, 8660)
(951, 779, 8594)
(919, 779, 8591)
(1027, 779, 8399)
(941, 779, 8576)
(912, 778, 8703)
(933, 778, 8655)
(944, 779, 8540)
(952, 778, 8680)
(860, 779, 8632)
(908, 778, 8767)
(936, 779, 8662)
(910, 779, 8601)
(973, 779, 8529)
(935, 779, 8568)
(965, 779, 8611)
(914, 779, 8598)
(870, 779, 8585)
(947, 779, 8588)
(916, 779, 8591)
(914, 779, 8537)
(974, 778, 8727)
(948, 779, 8612)
(927, 779, 8614)
(922, 779, 8620)
(892, 778, 8694)
(911, 778, 8694)
(900, 779, 8633)
(968, 778, 8694)
(979, 779, 8574)
(961, 780, 8379)
(899, 778, 8672)
(922, 779, 8538)
(975, 779, 8521)
(897, 779, 8572)
(939, 779, 8505)
(1044, 780, 8148)
(1023, 779, 8319)
(1019, 779, 8373)
(979, 778, 8606)
(1011, 778, 8580)
(957, 778, 8658)
(975, 778, 8724)
(952, 778, 8768)
(982, 778, 8820)
(961, 778, 8771)
(931, 779, 8668)
(899, 779, 8610)
(921, 779, 8477)
(875, 779, 8516)
(927, 778, 8684)
(918, 778, 8685)
(926, 778, 8696)
(956, 778, 8708)
(910, 778, 8704)
(943, 778, 8781)
(916, 778, 8802)
(938, 779, 8688)
(943, 779, 8631)
(927, 779, 8632)
(984, 779, 8682)
(939, 779, 8540)
(914, 779, 8513)
(964, 779, 8609)
(963, 779, 8524)
(1023, 780, 8230)
(960, 779, 8497)
(949, 778, 8624)
(963, 779, 8512)
(987, 778, 8656)
(988, 778, 8580)
(927, 778, 8664)
(1004, 778, 8612)
(1001, 778, 8624)
(971, 779, 8558)
(993, 779, 8435)
(1007, 780, 8256)
(994, 779, 8498)
(910, 780, 8272)
(934, 778, 8644)
(911, 778, 8732)
(934, 778, 8636)
(957, 779, 8526)
(964, 778, 8720)
(970, 779, 8608)
(995, 779, 8617)
(971, 778, 8660)
(974, 778, 8644)
(914, 779, 8458)
(918, 779, 8569)
(928, 779, 8507)
(921, 778, 8694)
(916, 779, 8584)
(985, 778, 8653)
(930, 779, 8582)
(983, 778, 8647)
(878, 778, 8651)
(923, 778, 8652)
(914, 779, 8534)
(899, 779, 8541)
(953, 778, 8668)
(921, 778, 8683)
(969, 778, 8692)
(940, 778, 8687)
(949, 779, 8560)
(953, 778, 8664)
(943, 779, 8533)
(964, 779, 8500)
(939, 779, 8490)
(946, 778, 8674)
(940, 778, 8635)
(930, 778, 8714)
(979, 778, 8665)
(911, 778, 8678)
(939, 778, 8693)
(961, 778, 8703)
(938, 779, 8502)
(981, 779, 8622)
(911, 779, 8495)
(982, 779, 8473)
(920, 779, 8518)
(953, 778, 8634)
(1027, 779, 8377)
(993, 779, 8520)
(977, 779, 8520)
(966, 778, 8648)
(955, 778, 8670)
(1027, 780, 8305)
(1043, 779, 8332)
(1030, 779, 8434)
(1127, 779, 8416)
(1176, 778, 8589)
(1436, 779, 8416)
(1507, 780, 8196)
(1509, 781, 7922)
(1138, 779, 8224)
(1143, 777, 8619)
(1081, 776, 8963)
(1049, 776, 9101)
(1275, 776, 9239)
(2314, 780, 8446)
(2194, 781, 8025)
(1587, 781, 7930)
(1297, 780, 7908)
(1294, 781, 7723)
(892, 779, 7878)
(831, 779, 7957)
(823, 778, 8232)
(791, 777, 8576)
(775, 776, 8832)
(729, 776, 8965)
(758, 777, 8898)
(771, 777, 8990)
(809, 778, 8804)
(804, 778, 8760)
(797, 779, 8567)
(808, 779, 8528)
(803, 779, 8429)
(809, 779, 8382)
(807, 779, 8401)
(796, 779, 8420)
(818, 779, 8456)
(832, 778, 8516)
(787, 778, 8523)
(1190, 782, 7676)
(1541, 784, 6949)
(1605, 784, 6643)
(922, 782, 6698)
(1282, 784, 6208)
(1348, 783, 6120)
(1435, 781, 6207)
(1389, 780, 6462)
(1400, 777, 7086)
(1452, 775, 7726)
(1475, 774, 8295)
(1483, 773, 8733)
(1494, 774, 8936)
(1502, 774, 9090)
(1513, 776, 9006)
(1524, 777, 8795)
(1541, 778, 8680)
(1553, 779, 8393)
(1573, 779, 8408)
(1585, 780, 8116)
(1599, 780, 8058)
(1616, 779, 8120)
(1631, 779, 8071)
(1644, 779, 8028)
(1655, 779, 8055)
(1666, 778, 8209)
(1677, 779, 8152)
(1684, 778, 8220)
(1693, 778, 8230)
(1698, 778, 8307)
(1705, 778, 8276)
(1705, 778, 8359)
(1707, 779, 8203)
(1707, 778, 8340)
(1707, 778, 8353)
(1707, 779, 8301)
(1707, 779, 8308)
(1705, 779, 8249)
(1705, 779, 8308)
(1695, 778, 8370)
(1695, 779, 8251)
(1688, 779, 8306)
(1684, 778, 8368)
(1679, 779, 8309)
(1672, 779, 8312)
(1666, 778, 8368)
(1659, 779, 8313)
(1648, 778, 8379)
(1646, 778, 8394)
(1639, 778, 8401)
(1631, 778, 8416)
(1620, 779, 8364)
(1618, 779, 8365)
(1607, 779, 8368)
(1601, 779, 8307)
(1593, 778, 8428)
(1589, 778, 8432)
(1579, 779, 8375)
(1575, 779, 8365)
(1565, 779, 8368)
(1557, 778, 8432)
(1553, 779, 8378)
(1545, 779, 8388)
(1539, 778, 8448)
(1531, 778, 8516)
(1528, 779, 8402)
(1520, 779, 8351)
(1515, 778, 8467)
(1507, 779, 8340)
(1503, 778, 8465)
(1494, 779, 8350)
(1492, 779, 8418)
(1483, 779, 8247)
(1482, 778, 8492)
(1475, 779, 8441)
(1471, 778, 8500)
(1464, 779, 8437)
(1460, 779, 8431)
(1455, 779, 8436)
(1452, 779, 8318)
(1443, 779, 8427)
(1443, 779, 8423)
(1436, 778, 8491)
(1431, 779, 8446)
(1431, 778, 8516)
(1423, 778, 8588)
(1423, 778, 8532)
(1417, 778, 8536)
(1415, 778, 8537)
(1410, 779, 8483)
(1407, 779, 8489)
(1403, 779, 8430)
(1400, 779, 8428)
(1397, 778, 8546)
(1392, 779, 8480)
(1391, 779, 8414)
(1388, 778, 8534)
(1386, 778, 8538)
(1383, 778, 8538)
(1380, 779, 8417)
(1378, 779, 8481)
(1373, 778, 8547)
(1372, 778, 8550)
(1370, 779, 8500)
(1369, 779, 8447)
(1366, 779, 8512)
(1364, 779, 8512)
(1363, 779, 8508)
(1363, 778, 8567)
(1357, 778, 8566)
(1355, 779, 8509)
(1355, 779, 8442)
(1354, 778, 8572)
(1354, 779, 8525)
(1352, 778, 8658)
(1348, 778, 8607)
(1349, 779, 8540)
(1348, 779, 8547)
(1342, 778, 8612)
(1345, 779, 8488)
(1342, 779, 8426)
(1340, 779, 8423)
(1340, 779, 8476)
(1339, 778, 8592)
(1339, 778, 8592)
(1337, 779, 8532)
(1336, 779, 8534)
(1337, 779, 8480)
(1336, 779, 8483)
(1336, 779, 8495)
(1336, 779, 8551)
(1331, 779, 8556)
(1336, 778, 8622)
(1333, 779, 8564)
(1331, 779, 8440)
(1331, 779, 8503)
(1331, 779, 8562)
(1330, 779, 8505)
(1328, 779, 8553)
(1330, 779, 8557)
(1331, 778, 8620)
(1328, 779, 8447)
(1330, 778, 8629)
(1330, 779, 8561)
(1328, 779, 8560)
(1326, 779, 8504)
(1330, 779, 8572)
(1330, 778, 8635)
(1328, 779, 8583)
(1328, 778, 8648)
(1328, 778, 8710)
(1328, 779, 8584)
(1328, 779, 8581)
(1328, 779, 8583)
(1328, 779, 8530)
(1328, 779, 8522)
(1330, 778, 8641)
(1330, 778, 8642)
(1330, 779, 8584)
(1328, 778, 8645)
(1331, 778, 8648)
(1330, 778, 8652)
(1330, 778, 8661)
(1330, 779, 8600)
(1331, 779, 8602)
(1331, 778, 8664)
(1333, 778, 8672)
(1331, 778, 8675)
(1333, 778, 8675)
(1336, 779, 8556)
(1336, 779, 8488)
(1337, 779, 8608)
(1336, 778, 8664)
(1339, 779, 8546)
(1339, 778, 8668)
(1339, 779, 8555)
(1340, 779, 8623)
(1340, 779, 8635)
(1340, 779, 8574)
(1339, 778, 8692)
(1342, 779, 8566)
(1342, 779, 8620)
(1342, 779, 8616)
(1342, 779, 8617)
(1346, 779, 8615)
(1346, 778, 8668)
(1348, 779, 8609)
(1346, 779, 8613)
(1349, 779, 8552)
(1348, 779, 8615)
(1349, 779, 8624)
(1354, 778, 8689)
(1354, 779, 8575)
(1355, 778, 8689)
(1354, 778, 8696)
(1355, 778, 8692)
(1357, 779, 8628)
(1357, 779, 8563)
(1358, 779, 8556)
(1361, 778, 8736)
(1363, 778, 8672)
(1361, 779, 8614)
(1364, 779, 8558)
(1363, 778, 8751)
(1366, 779, 8645)
(1364, 779, 8647)
(1369, 778, 8717)
(1369, 778, 8720)
(1370, 779, 8602)
(1372, 779, 8600)
(1372, 778, 8712)
(1375, 778, 8715)
(1378, 779, 8648)
(1378, 779, 8644)
(1380, 779, 8628)
(1380, 778, 8684)
(1381, 779, 8628)
(1386, 778, 8700)
(1386, 779, 8649)
(1386, 779, 8664)
(1389, 779, 8671)
(1388, 778, 8740)
(1389, 778, 8739)
(1395, 779, 8674)
(1392, 779, 8611)
(1397, 779, 8670)
(1397, 778, 8728)
(1400, 779, 8669)
(1403, 779, 8607)
(1403, 779, 8660)
(1403, 779, 8658)
(1403, 779, 8659)
(1407, 778, 8783)
(1408, 779, 8666)
(1413, 779, 8607)
(1413, 779, 8608)
(1415, 778, 8796)
(1415, 779, 8678)
(1418, 779, 8612)
(1421, 779, 8676)
(1421, 779, 8613)
(1423, 779, 8674)
(1426, 778, 8730)
(1426, 778, 8795)
(1431, 778, 8743)
(1433, 779, 8684)
(1431, 779, 8613)
(1435, 779, 8615)
(1436, 778, 8734)
(1436, 779, 8676)
(1440, 779, 8620)
(1442, 779, 8681)
(1443, 779, 8680)
(1445, 778, 8727)
(1450, 778, 8732)
(1447, 779, 8618)
(1454, 778, 8748)
(1454, 779, 8632)
(1455, 779, 8692)
(1460, 779, 8633)
(1460, 779, 8692)
(1462, 779, 8633)
(1464, 779, 8636)
(1467, 779, 8697)
(1469, 779, 8632)
(1469, 779, 8689)
(1469, 779, 8688)
(1475, 779, 8628)
(1478, 778, 8750)
(1480, 779, 8627)
(1480, 779, 8680)
(1482, 779, 8680)
(1487, 779, 8688)
(1487, 779, 8679)
(1491, 778, 8809)
(1491, 778, 8760)
(1492, 778, 8769)
(1498, 778, 8768)
(1500, 779, 8648)
(1500, 779, 8713)
(1502, 779, 8650)
