(10119, 779, 8871)
(10119, 779, 8872)
(10119, 779, 8869)
(10119, 779, 8984)
(10119, 779, 8984)
(10119, 779, 8923)
(10119, 779, 8849)
(10119, 779, 8908)
(10119, 779, 8904)
(10119, 779, 8909)
(10119, 779, 8912)
(10119, 779, 8906)
(10119, 778, 9024)
(10119, 779, 8906)
(10119, 779, 8902)
(10119, 779, 8903)
(10119, 779, 8959)
(10119, 779, 8899)
(10119, 779, 8840)
(10119, 779, 8836)
(10119, 779, 8946)
(10119, 779, 8827)
(10119, 779, 8943)
(10119, 779, 8949)
(10119, 779, 8952)
(10119, 779, 8889)
(10119, 778, 9013)
(10119, 779, 8950)
(10119, 779, 8890)
(10119, 779, 8895)
(10119, 779, 8834)
(10119, 779, 8892)
(10119, 779, 8892)
(10119, 779, 8947)
(10119, 779, 8760)
(10119, 779, 8811)
(10119, 779, 8863)
(10119, 779, 8803)
(10119, 780, 8682)
(10119, 779, 8867)
(10119, 779, 8927)
(10119, 778, 8991)
(10119, 779, 8875)
(10119, 779, 8934)
(10119, 779, 8813)
(10119, 779, 8928)
(10119, 779, 8928)
(10119, 779, 8925)
(10119, 779, 8860)
(10119, 779, 8861)
(10119, 779, 8863)
(10119, 779, 8865)
(10119, 779, 8866)
(10119, 779, 8866)
(10119, 779, 8800)
(10119, 779, 8855)
(10119, 779, 8919)
(10119, 779, 8864)
(10119, 779, 8863)
(10119, 779, 8914)
(10119, 779, 8846)
(10119, 778, 8976)
(10119, 779, 8863)
(10119, 779, 8869)
(10119, 779, 8866)
(10119, 779, 8864)
(10119, 779, 8863)
(10119, 779, 8860)
(10119, 778, 8977)
(10119, 779, 8792)
(10119, 779, 8730)
(10119, 779, 8849)
(10119, 779, 8788)
(10119, 779, 8912)
(10119, 779, 8728)
(10119, 779, 8906)
(10119, 779, 8907)
(10119, 779, 8916)
(10119, 779, 8790)
(10119, 779, 8842)
(10119, 779, 8845)
(10119, 779, 8842)
(10119, 779, 8908)
(10119, 779, 8903)
(10119, 779, 8852)
(10119, 778, 8978)
(10119, 779, 8916)
(10119, 779, 8848)
(10119, 779, 8772)
(10119, 779, 8828)
(10119, 779, 8828)
(10119, 779, 8836)
(10119, 779, 8784)
(10119, 779, 8783)
(10119, 779, 8847)
(10119, 779, 8910)
(10119, 779, 8847)
(10119, 779, 8788)
(10119, 779, 8906)
(10119, 779, 8844)
(10119, 779, 8906)
(10119, 779, 8906)
(10119, 778, 8965)
(10119, 779, 8785)
(10119, 779, 8844)
(10119, 779, 8839)
(10119, 779, 8780)
(10119, 779, 8776)
(10119, 779, 8838)
(10119, 779, 8779)
(10119, 779, 8780)
(10119, 779, 8839)
(10119, 779, 8779)
(10119, 779, 8901)
(10119, 779, 8906)
(10119, 779, 8848)
(10119, 779, 8849)
(10119, 780, 8480)
(10119, 779, 8837)
(10119, 779, 8835)
(10119, 779, 8834)
(10119, 779, 8829)
(10119, 779, 8893)
(10119, 779, 8833)
(10119, 779, 8832)
(10119, 779, 8832)
(10119, 779, 8767)
(10119, 779, 8826)
(10119, 779, 8828)
(10119, 779, 8830)
(10119, 779, 8893)
(10119, 779, 8903)
(10119, 779, 8847)
(10119, 779, 8849)
(10119, 779, 8848)
(10119, 779, 8908)
(10119, 779, 8907)
(10119, 779, 8777)
(10119, 779, 8831)
(10119, 779, 8892)
(10119, 779, 8829)
(10119, 779, 8821)
(10119, 779, 8756)
(10119, 779, 8883)
(10119, 779, 8768)
(10119, 778, 8953)
(10119, 779, 8892)
(10119, 779, 8900)
(10119, 779, 8908)
(10119, 779, 8848)
(10119, 779, 8849)
