(1000, 779, 8160)
(1000, 779, 8200)
(1000, 779, 8240)
(1000, 779, 8280)
(1000, 779, 8320)
(1000, 779, 8360)
(1000, 779, 8400)
(1000, 779, 8440)
(1000, 779, 8480)
(1000, 779, 8520)
(1000, 779, 8560)
(1000, 779, 8600)
(1000, 779, 8640)
(1000, 779, 8680)
(1000, 779, 8720)
(1000, 779, 8760)
(1000, 779, 8800)
(1000, 779, 8840)
(1000, 779, 8880)
(1000, 779, 8920)
(1000, 779, 8960)
(1000, 779, 9000)
(1000, 779, 9040)
(1000, 779, 9080)
(1000, 779, 9120)
(1000, 779, 9160)
(1000, 779, 9200)
(1000, 779, 9240)
(1000, 779, 9280)
(1000, 779, 9320)
(1000, 779, 9360)
(1000, 779, 9400)
(1000, 779, 9440)
(1000, 779, 9480)
(1000, 779, 9520)
(1000, 779, 9560)
(1000, 779, 9600)
(1000, 779, 9640)
(1000, 779, 9680)
(1000, 779, 9720)
(1000, 779, 9760)
(1000, 779, 9800)
(1000, 779, 9840)
(1000, 779, 9880)
(1000, 779, 9920)
(1000, 779, 9960)
(1000, 779, 10000)
(1000, 779, 10040)
(1000, 779, 10080)
(1000, 779, 10120)
(1000, 779, 10160)
(1000, 779, 10200)
(1000, 779, 10240)
(1000, 779, 10280)
(1000, 779, 10320)
(1000, 779, 10360)
(1000, 779, 10400)
(1000, 779, 10440)
(1000, 779, 10480)
(1000, 779, 10520)
(1000, 779, 10560)
(1000, 779, 10600)
(1000, 779, 10640)
(1000, 779, 10680)
(1000, 779, 10720)
(1000, 779, 10760)
(1000, 779, 10800)
(1000, 779, 10840)
(1000, 779, 10880)
(1000, 779, 10920)
(1000, 779, 10960)
(10119, 778, 11343)
(10119, 782, 10364)
(10119, 786, 9326)
(10119, 787, 8504)
(10119, 788, 7879)
(10119, 786, 7778)
(10119, 784, 7890)
(10119, 782, 8066)
(10119, 780, 8488)
(10119, 778, 8781)
(10119, 777, 9147)
(10119, 777, 9252)
(10119, 777, 9429)
(10119, 777, 9410)
(10119, 778, 9430)
(10119, 779, 9234)
(10119, 779, 9241)
(10119, 779, 9047)
(10119, 779, 9017)
(10119, 779, 8991)
(10119, 779, 8960)
(10119, 779, 9004)
(10119, 779, 8977)
(10119, 779, 9033)
(10119, 779, 8970)
(10119, 779, 9032)
(10119, 779, 8976)
(10119, 779, 9100)
(10119, 779, 8978)
(10119, 779, 9103)
(10119, 779, 8981)
(10119, 779, 8975)
(10119, 779, 9029)
(10119, 779, 9079)
(10119, 779, 8959)
(10119, 779, 8888)
(10119, 779, 9009)
(10119, 779, 9011)
(10119, 779, 8888)
(10119, 779, 9003)
(10119, 779, 8933)
(10119, 779, 9048)
(10119, 779, 9051)
(10119, 779, 8996)
(10119, 779, 9000)
(10119, 779, 8995)
(10119, 779, 8998)
(10119, 779, 8868)
(10119, 779, 8924)
(10119, 779, 8980)
(10119, 779, 8973)
(10119, 779, 9031)
(10119, 779, 8970)
(10119, 779, 8906)
(10119, 779, 9026)
(10119, 779, 8967)
(10119, 779, 9025)
(10119, 779, 8960)
(10119, 779, 8963)
(10119, 779, 8966)
(10119, 780, 8783)
(10119, 779, 8903)
(10119, 779, 8900)
(10119, 781, 8472)
(10119, 779, 8890)
(10119, 779, 8891)
(10119, 779, 8951)
(10119, 779, 8894)
(10119, 779, 8946)
(10119, 779, 8938)
(10119, 779, 9004)
(10119, 779, 8945)
(10119, 779, 9007)
(10119, 779, 8948)
(10119, 778, 9058)
(10119, 778, 9056)
(10119, 779, 8933)
(10119, 779, 8994)
(10119, 779, 8876)
(10119, 779, 8868)
(10119, 779, 8869)
(10119, 779, 8982)
(10119, 778, 9046)
(10119, 779, 8980)
(10119, 779, 8928)
(10119, 779, 8930)
(10119, 779, 8928)
(10119, 779, 8928)
(10119, 779, 8989)
(10119, 779, 8930)
(10119, 779, 8869)
(10119, 779, 8931)
(10119, 779, 8988)
(10119, 779, 8861)
(10119, 779, 8980)
(10119, 779, 8860)
(10119, 779, 8856)
(10119, 779, 8856)
(10119, 779, 8981)
(10119, 779, 8912)
(10119, 779, 8910)
(10119, 779, 8904)
(10119, 779, 8911)
(10119, 779, 8850)
(10119, 779, 8853)
(10119, 779, 8919)
(10119, 779, 8920)
(10119, 779, 8922)
(10119, 779, 8915)
(10119, 779, 8973)
(10119, 779, 8913)
(10119, 779, 8910)
(10119, 779, 8852)
(10119, 779, 8851)
(10119, 779, 8909)
(10119, 782, 8238)
(10119, 779, 8961)
(10119, 779, 8904)
(10119, 779, 8900)
(10119, 779, 8965)
(10119, 779, 8905)
(10119, 779, 8967)
(10119, 779, 8905)
(10119, 779, 8905)
(10119, 779, 8904)
(10119, 779, 8899)
(10119, 779, 8894)
(10119, 779, 8893)
(10119, 778, 9017)
(10119, 779, 8959)
(10119, 779, 8899)
(10119, 779, 8899)
(10119, 779, 8844)
(10119, 779, 8958)
(10119, 779, 8961)
(10119, 779, 8962)
(10119, 779, 8900)
(10119, 779, 8893)
(10119, 779, 8889)
(10119, 779, 8956)
(10119, 779, 8899)
(10119, 779, 8898)
(10119, 779, 8900)
(10119, 779, 8836)
(10119, 779, 8957)
(10119, 779, 8895)
(10119, 779, 8833)
(10119, 779, 8956)
(10119, 779, 8829)
(10119, 779, 8772)
(10119, 779, 8956)
(10119, 779, 8949)
(10119, 779, 8831)
(10119, 779, 8894)
(10119, 779, 8837)
(10119, 779, 8837)
(10119, 779, 8896)
(10119, 779, 8886)
(10119, 779, 8888)
(10119, 779, 8952)
(10119, 779, 8894)
(10119, 778, 9016)
(10119, 779, 8899)
(10119, 779, 8956)
(10119, 779, 8895)
(10119, 779, 8827)
(10119, 779, 8824)
(10119, 779, 8825)
(10119, 779, 8948)
(10119, 779, 8891)
(10119, 779, 8892)
(10119, 779, 8893)
(10119, 779, 8892)
(10119, 779, 8896)
(10119, 779, 8949)
(10119, 779, 8886)
(10119, 779, 8941)
(10119, 779, 8878)
(10119, 779, 8938)
(10119, 779, 8880)
(10119, 779, 8881)
(10119, 779, 8821)
(10119, 779, 8878)
(10119, 779, 8819)
(10119, 779, 8823)
(10119, 779, 8824)
(10119, 779, 8944)
(10119, 779, 8948)
(10119, 779, 8893)
(10119, 779, 8897)
(10119, 779, 8900)
(10119, 779, 8896)
(10119, 779, 8897)
(10119, 779, 8834)
(10119, 779, 8885)
(10119, 779, 8947)
(10119, 779, 8820)
(10119, 779, 8940)
(10119, 779, 8810)
(10119, 779, 8813)
(10119, 779, 8939)
(10119, 779, 8826)
(10119, 779, 8884)
(10119, 778, 8996)
(10119, 779, 8943)
(10119, 780, 8708)
(10119, 779, 8892)
(10119, 779, 8892)
(10119, 779, 8888)
(10119, 782, 8157)
(10119, 779, 8752)
(10119, 779, 8871)
(10119, 779, 8876)
(10119, 779, 8944)
(10119, 779, 8888)
(10119, 779, 8891)
(10119, 779, 8888)
(10119, 779, 8876)
(10119, 779, 8940)
(10119, 779, 8822)
(10119, 779, 8879)
(10119, 779, 8875)
(10119, 779, 8876)
(10119, 779, 8812)
(10119, 779, 8937)
(10119, 778, 9003)
(10119, 779, 8818)
(10119, 779, 8817)
(10119, 779, 8880)
(10119, 779, 8936)
(10119, 779, 8932)
(10119, 779, 8876)
(10119, 779, 8879)
(10119, 779, 8945)
(10119, 779, 8824)
(10119, 779, 8765)
(10119, 779, 8828)
(10119, 779, 8944)
(10119, 779, 8887)
(10119, 779, 8881)
(10119, 779, 8878)
(10119, 779, 8872)
(10119, 779, 8869)
(10119, 779, 8933)
(10119, 779, 8875)
(10119, 779, 8939)
(10119, 779, 8878)
(10119, 779, 8812)
(10119, 780, 8696)
(10119, 779, 8883)
(10119, 779, 8822)
(10119, 779, 8939)
(10119, 779, 8877)
(10119, 782, 8084)
(10119, 779, 8870)
(10119, 779, 8878)
(10119, 779, 8936)
(10119, 779, 8939)
(10119, 779, 8884)
(10119, 779, 8826)
(10119, 779, 8764)
(10119, 779, 8937)
(10119, 778, 8998)
(10119, 779, 8937)
(10119, 779, 8876)
(10119, 779, 8883)
(10119, 779, 8883)
(10119, 779, 8885)
(10119, 779, 8883)
(10119, 779, 8944)
(10119, 779, 8820)
(10119, 779, 8819)
(10119, 779, 8942)
(10119, 779, 8885)
(10119, 779, 8824)
(10119, 779, 8881)
(10119, 779, 8820)
(10119, 779, 8880)
(10119, 779, 8940)
(10119, 779, 8819)
(10119, 779, 8876)
(10119, 779, 8940)
(10119, 778, 9004)
(10119, 779, 8884)
(10119, 779, 8946)
(10119, 779, 8764)
(10119, 779, 8938)
(10119, 778, 8987)
(10119, 779, 8930)
(10119, 779, 8875)
(10119, 779, 8932)
(10119, 779, 8881)
(10119, 779, 8887)
(10119, 779, 8881)
(10119, 779, 8877)
(10119, 779, 8819)
(10119, 779, 8943)
(10119, 779, 8760)
(10119, 779, 8881)
(10119, 779, 8940)
(10119, 779, 8877)
(10119, 779, 8813)
(10119, 779, 8872)
(10119, 779, 8927)
(10119, 779, 8929)
(10119, 778, 8988)
(10119, 778, 8988)
(10119, 778, 8996)
(10119, 779, 8941)
(10119, 779, 8826)
(10119, 779, 8888)
(10119, 779, 8832)
(10119, 779, 8950)
(10119, 779, 8820)
(10119, 779, 8878)
(10119, 779, 8752)
(10119, 779, 8872)
(10119, 779, 8943)
(10119, 779, 8883)
(10119, 779, 8889)
(10119, 779, 8884)
(10119, 779, 8880)
(10119, 778, 9006)
(10119, 779, 8948)
(10119, 779, 8941)
(10119, 779, 8943)
(10119, 779, 8819)
(10119, 779, 8812)
(10119, 779, 8941)
(10119, 779, 8823)
(10119, 779, 8936)
(10119, 778, 8996)
(10119, 779, 8815)
(10119, 779, 8820)
(10119, 779, 8823)
(10119, 778, 8999)
(10119, 779, 8825)
(10119, 779, 8882)
(10119, 778, 9005)
(10119, 779, 8880)
(10119, 779, 8881)
(10119, 779, 8944)
(10119, 779, 8936)
(10119, 779, 8875)
(10119, 779, 8815)
(10119, 779, 8874)
(10119, 779, 8940)
(10119, 779, 8948)
(10119, 779, 8827)
(10119, 779, 8879)
(10119, 779, 8884)
(10119, 779, 8949)
(10119, 779, 8952)
(10119, 779, 8888)
(10119, 779, 8950)
(10119, 779, 8830)
(10119, 779, 8762)
(10119, 779, 8876)
(10119, 779, 8816)
(10119, 779, 8940)
(10119, 779, 8876)
(10119, 779, 8880)
(10119, 779, 8946)
(10119, 779, 8886)
(10119, 779, 8888)
(10119, 779, 8950)
(10119, 779, 8884)
(10119, 778, 9004)
(10119, 779, 8815)
(10119, 779, 8931)
(10119, 779, 8937)
(10119, 778, 9004)
(10119, 779, 8826)
(10119, 779, 8892)
(10119, 778, 9014)
(10119, 779, 8955)
(10119, 779, 8890)
(10119, 779, 8885)
(10119, 779, 8880)
(10119, 779, 8875)
(10119, 779, 8871)
(10119, 779, 8932)
(10119, 779, 8931)
(10119, 779, 8880)
(10119, 779, 8888)
(10119, 778, 9016)
(10119, 779, 8900)
(10119, 779, 8901)
(10119, 779, 8962)
(10119, 779, 8895)
(10119, 779, 8888)
(10119, 779, 8824)
(10119, 779, 8884)
(10119, 779, 8884)
(10119, 779, 8882)
(10119, 779, 8884)
(10119, 779, 8821)
(10119, 779, 8937)
(10119, 779, 8808)
(10119, 779, 8922)
(10119, 779, 8929)
(10119, 779, 8815)
(10119, 779, 8880)
(10119, 778, 9006)
(10119, 779, 8893)
(10119, 779, 8893)
(10119, 779, 8843)
(10119, 779, 8961)
(10119, 779, 8956)
(10119, 779, 8837)
(10119, 779, 8889)
(10119, 779, 8764)
(10119, 780, 8696)
(10119, 779, 8939)
(10119, 779, 8943)
(10119, 779, 8880)
(10119, 779, 8940)
(10119, 779, 8880)
(10119, 779, 8940)
(10119, 779, 8936)
(10119, 779, 8940)
(10119, 778, 8999)
(10119, 779, 8889)
(10119, 779, 8827)
(10119, 779, 8830)
(10119, 779, 8889)
(10119, 779, 8956)
(10119, 779, 8957)
(10119, 779, 8896)
(10119, 779, 8776)
(10119, 779, 8773)
(10119, 779, 8891)
(10119, 779, 8819)
(10119, 779, 8819)
(10119, 779, 8885)
(10119, 779, 8886)
(10119, 779, 8885)
(10119, 779, 8828)
(10119, 779, 8820)
(10119, 779, 8881)
(10119, 779, 8823)
(10119, 779, 8824)
(10119, 779, 8890)
(10119, 779, 8897)
(10119, 779, 8835)
(10119, 779, 8956)
(10119, 779, 8896)
(10119, 779, 8768)
(10119, 779, 8819)
(10119, 779, 8940)
(10119, 779, 8824)
(10119, 779, 8949)
(10119, 779, 8891)
(10119, 779, 8824)
(10119, 779, 8888)
(10119, 779, 8892)
(10119, 779, 8830)
(10119, 779, 8892)
(10119, 779, 8953)
(10119, 779, 8893)
(10119, 779, 8896)
(10119, 779, 8896)
(10119, 778, 9004)
(10119, 779, 8942)
(10119, 779, 8880)
(10119, 779, 8940)
(10119, 779, 8883)
(10119, 779, 8945)
(10119, 779, 8888)
(10119, 779, 8957)
(10119, 779, 8903)
(10119, 779, 8966)
(10119, 779, 8901)
(10119, 779, 8824)
(10119, 779, 8951)
(10119, 778, 9068)
(10119, 779, 8890)
(10119, 779, 8957)
(10119, 779, 8957)
(10119, 779, 8838)
(10119, 779, 8896)
(10119, 779, 8952)
(10119, 779, 8954)
(10119, 779, 8835)
(10119, 779, 8956)
(10119, 779, 8897)
(10119, 779, 8895)
(10119, 779, 8826)
(10119, 779, 8826)
(10119, 779, 8947)
(10119, 779, 8881)
(10119, 779, 8950)
(10119, 779, 8836)
(10119, 779, 8963)
(10119, 779, 8903)
(10119, 779, 8840)
(10119, 779, 8959)
(10119, 779, 8960)
(10119, 779, 8900)
(10119, 779, 8952)
(10119, 779, 8830)
(10119, 779, 8888)
(10119, 779, 8889)
(10119, 779, 8948)
(10119, 779, 8959)
(10119, 779, 8962)
